Pos( 1,:) = [ 0.126383 -0.0150806 0.000572106 ];
Pos( 2,:) = [ 0.135162 -0.0182125 2.84217e-14 ];
Pos( 3,:) = [ 0.129795 -0.0140894 0 ];
Pos( 4,:) = [ 0.13651 -0.0177092 0 ];
Pos( 5,:) = [ 0.129474 -0.0158084 0 ];
Pos( 6,:) = [ 0.132809 -0.0158072 0 ];
Pos( 7,:) = [ 0.132883 -0.017957 -2.84217e-14 ];
Pos( 8,:) = [ 0.135522 -0.0133827 0 ];
Pos( 9,:) = [ 0.136536 -0.0189616 0 ];
Pos( 10,:) = [ 0.136191 -0.0176745 0 ];
Pos( 11,:) = [ 0.136658 -0.0144179 0 ];
Pos( 12,:) = [ 0.13721 -0.012321 0 ];
Pos( 13,:) = [ 0.128667 -0.0159622 0 ];
Pos( 14,:) = [ 0.138024 -0.015045 0 ];
Pos( 15,:) = [ 0.0933879 -0.00823288 0.00174122 ];
Pos( 16,:) = [ 0.134062 -0.0162878 0 ];
Pos( 17,:) = [ 0.134508 -0.0171844 -5.55112e-17 ];
Pos( 18,:) = [ 0.13083 -0.0178664 0 ];
Pos( 19,:) = [ 0.129763 -0.0153691 0 ];
Pos( 20,:) = [ 0.130282 -0.017237 0 ];
Pos( 21,:) = [ 0.135077 -0.0160493 0 ];
Pos( 22,:) = [ 0.134385 -0.0149706 0 ];
Pos( 23,:) = [ 0.133862 -0.0162663 0 ];
Pos( 24,:) = [ 0.133056 -0.0194336 0 ];
Pos( 25,:) = [ 0.136967 -0.0147547 0 ];
Pos( 26,:) = [ 0.130975 -0.0151213 0 ];
Pos( 27,:) = [ 0.137215 -0.0160952 0 ];
Pos( 28,:) = [ 0.137762 -0.0139804 0 ];
Pos( 29,:) = [ 0.101701 -0.0107925 0.00134599 ];
Pos( 30,:) = [ 0.135205 -0.0156604 0 ];
Pos( 31,:) = [ 0.133451 -0.0163487 0 ];
Pos( 32,:) = [ 0.136303 -0.0171131 0 ];
Pos( 33,:) = [ 0.125837 -0.0138245 -5.68434e-14 ];
Pos( 34,:) = [ 0.138044 -0.0173039 0 ];
Pos( 35,:) = [ 0.136033 -0.0171817 0 ];
Pos( 36,:) = [ 0.137346 -0.0141297 0 ];
Pos( 37,:) = [ 0.130547 -0.0171342 0 ];
Pos( 38,:) = [ 0.13432 -0.0168154 0 ];
Pos( 39,:) = [ 0.132904 -0.0151156 0 ];
Pos( 40,:) = [ 0.130434 -0.0152032 0 ];
Pos( 41,:) = [ 0.125099 -0.0168457 0 ];
Pos( 42,:) = [ 0.132971 -0.0176227 0 ];
Pos( 43,:) = [ 0.130974 -0.0156031 0 ];
Pos( 44,:) = [ 0.131199 -0.015357 0 ];
Pos( 45,:) = [ 0.129889 -0.0174178 0 ];
Pos( 46,:) = [ 0.133191 -0.0156049 0 ];
Pos( 47,:) = [ 0.139483 -0.0132828 0 ];
Pos( 48,:) = [ 0.13379 -0.0169442 2.84217e-14 ];
Pos( 49,:) = [ 0.133774 -0.0177061 0 ];
Pos( 50,:) = [ 0.137387 -0.0169587 0 ];
Pos( 51,:) = [ 0.132211 -0.0136446 0 ];
Pos( 52,:) = [ 0.13882 -0.0158226 0 ];
Pos( 53,:) = [ 0.138733 -0.0153778 0 ];
Pos( 54,:) = [ 0.13178 -0.0152784 0 ];
Pos( 55,:) = [ 0.136309 -0.0166909 0 ];
Pos( 56,:) = [ 0.134384 -0.018887 0 ];
Pos( 57,:) = [ 0.134882 -0.0166507 0 ];
Pos( 58,:) = [ 0.127939 -0.0164144 0 ];
Pos( 59,:) = [ 0.134073 -0.0162245 0 ];
Pos( 60,:) = [ 0.134899 -0.0179388 0 ];
Pos( 61,:) = [ 0.130419 -0.0176166 0 ];
Pos( 62,:) = [ 0.136707 -0.0171616 5.68434e-14 ];
Pos( 63,:) = [ 0.134433 -0.0145472 0 ];
Pos( 64,:) = [ 0.130174 -0.0173933 0 ];
Pos( 65,:) = [ 0.138111 -0.0168621 0 ];
Pos( 66,:) = [ 0.130447 -0.017661 0 ];
Pos( 67,:) = [ 0.134976 -0.0143496 0 ];
Pos( 68,:) = [ 0.131894 -0.0161173 0 ];
Pos( 69,:) = [ 0.135918 -0.0154921 0 ];
Pos( 70,:) = [ 0.133424 -0.0163021 0 ];
Pos( 71,:) = [ 0.1308 -0.0155584 0 ];
Pos( 72,:) = [ 0.133021 -0.0169594 0 ];
Pos( 73,:) = [ 0.137009 -0.0185451 8.30347e-05 ];
Pos( 74,:) = [ 0.13183 -0.0153524 0 ];
Pos( 75,:) = [ 0.134016 -0.0155393 0 ];
Pos( 76,:) = [ 0.130292 -0.0167908 5.68434e-14 ];
Pos( 77,:) = [ 0.132792 -0.0175257 0 ];
Pos( 78,:) = [ 0.134618 -0.0156289 0 ];
Pos( 79,:) = [ 0.135385 -0.0171452 0 ];
Pos( 80,:) = [ 0.136791 -0.0196903 0 ];
Pos( 81,:) = [ 0.135554 -0.014429 0 ];
Pos( 82,:) = [ 0.130426 -0.0151563 0 ];
Pos( 83,:) = [ 0.131121 -0.0154923 0 ];
Pos( 84,:) = [ 0.134739 -0.0165268 0 ];
Pos( 85,:) = [ 0.1308 -0.012683 0 ];
Pos( 86,:) = [ 0.133828 -0.0173782 0 ];
Pos( 87,:) = [ 0.133327 -0.0163641 0 ];
Pos( 88,:) = [ 0.130582 -0.0155967 0 ];
Pos( 89,:) = [ 0.121983 -0.0135835 0 ];
Pos( 90,:) = [ 0.124898 -0.0164783 0 ];
Pos( 91,:) = [ 0.128743 -0.012695 0 ];
Pos( 92,:) = [ 0.131792 -0.0149102 0 ];
Pos( 93,:) = [ 0.136898 -0.0172462 0 ];
Pos( 94,:) = [ 0.136628 -0.0185253 0 ];
Pos( 95,:) = [ 0.134295 -0.0184275 0 ];
Pos( 96,:) = [ 0.136627 -0.0188706 0 ];
Pos( 97,:) = [ 0.138434 -0.0153797 0 ];
Pos( 98,:) = [ 0.132419 -0.0159754 0 ];
Pos( 99,:) = [ 0.131549 -0.0143156 0 ];
Pos( 100,:) = [ 0.1317 -0.0168055 0 ];
