Pos( 1,:) = [ 1.32794 -2.28002 2.26392 ];
Pos( 2,:) = [ 1.31952 -2.34051 2.19567 ];
Pos( 3,:) = [ 1.34079 -2.22323 2.36432 ];
Pos( 4,:) = [ 1.33419 -2.2468 2.31346 ];
Pos( 5,:) = [ 1.32615 -2.29147 2.24948 ];
Pos( 6,:) = [ 1.33512 -2.24276 2.3207 ];
Pos( 7,:) = [ 1.32687 -2.28675 2.25531 ];
Pos( 8,:) = [ 1.33214 -2.25656 2.29732 ];
Pos( 9,:) = [ 1.34858 -2.21066 2.42169 ];
Pos( 10,:) = [ 1.34138 -2.22172 2.36876 ];
Pos( 11,:) = [ 1.34682 -2.21212 2.40901 ];
Pos( 12,:) = [ 1.34432 -2.21555 2.39068 ];
Pos( 13,:) = [ 1.34731 -2.21163 2.41259 ];
Pos( 14,:) = [ 1.34461 -2.21507 2.39281 ];
Pos( 15,:) = [ 1.3449 -2.2146 2.39498 ];
Pos( 16,:) = [ 1.33005 -2.26765 2.28077 ];
Pos( 17,:) = [ 1.33634 -2.2378 2.33021 ];
Pos( 18,:) = [ 1.3328 -2.25327 2.30256 ];
Pos( 19,:) = [ 1.32771 -2.28147 2.26204 ];
Pos( 20,:) = [ 1.33737 -2.23396 2.33813 ];
Pos( 21,:) = [ 1.33821 -2.23102 2.34463 ];
Pos( 22,:) = [ 1.35052 -2.20994 2.43555 ];
Pos( 23,:) = [ 1.33075 -2.26378 2.28636 ];
Pos( 24,:) = [ 1.334 -2.24766 2.31196 ];
Pos( 25,:) = [ 1.33684 -2.2359 2.33406 ];
Pos( 26,:) = [ 1.33225 -2.25598 2.29823 ];
Pos( 27,:) = [ 1.34638 -2.21261 2.4058 ];
Pos( 28,:) = [ 1.35395 -2.28358 2.49502 ];
Pos( 29,:) = [ 1.34934 -2.21027 2.42714 ];
Pos( 30,:) = [ 1.34862 -2.21064 2.42198 ];
Pos( 31,:) = [ 1.35181 -2.20996 2.44456 ];
Pos( 32,:) = [ 1.34874 -2.21057 2.42286 ];
Pos( 33,:) = [ 1.32688 -2.28666 2.25542 ];
Pos( 34,:) = [ 1.33508 -2.24292 2.32042 ];
Pos( 35,:) = [ 1.32259 -2.31651 2.22067 ];
Pos( 36,:) = [ 1.33202 -2.25713 2.29642 ];
Pos( 37,:) = [ 1.3262 -2.2911 2.24993 ];
Pos( 38,:) = [ 1.33877 -2.22918 2.34891 ];
Pos( 39,:) = [ 1.3306 -2.26463 2.28511 ];
Pos( 40,:) = [ 1.33674 -2.23626 2.33332 ];
Pos( 41,:) = [ 1.33022 -2.2667 2.28213 ];
Pos( 42,:) = [ 1.34947 -2.21022 2.4281 ];
Pos( 43,:) = [ 1.34343 -2.21717 2.3841 ];
Pos( 44,:) = [ 1.34322 -2.21759 2.38251 ];
Pos( 45,:) = [ 1.34277 -2.21851 2.37919 ];
Pos( 46,:) = [ 1.33819 -2.23109 2.34447 ];
Pos( 47,:) = [ 1.34661 -2.21234 2.40751 ];
Pos( 48,:) = [ 1.34464 -2.21502 2.39303 ];
Pos( 49,:) = [ 1.34602 -2.21304 2.40316 ];
Pos( 50,:) = [ 1.3376 -2.23311 2.33997 ];
Pos( 51,:) = [ 1.34209 -2.22002 2.37406 ];
Pos( 52,:) = [ 1.35434 -2.21107 2.46208 ];
Pos( 53,:) = [ 1.32904 -2.27342 2.27273 ];
Pos( 54,:) = [ 1.34209 -2.22002 2.37406 ];
Pos( 55,:) = [ 1.34007 -2.22524 2.35881 ];
Pos( 56,:) = [ 1.34096 -2.2228 2.36555 ];
Pos( 57,:) = [ 1.34013 -2.22505 2.35932 ];
Pos( 58,:) = [ 1.34514 -2.21424 2.39675 ];
Pos( 59,:) = [ 1.33813 -2.23129 2.344 ];
Pos( 60,:) = [ 1.34002 -2.22536 2.35847 ];
Pos( 61,:) = [ 1.34689 -2.21204 2.40951 ];
Pos( 62,:) = [ 1.34598 -2.21309 2.40292 ];
Pos( 63,:) = [ 1.34648 -2.21249 2.40653 ];
Pos( 64,:) = [ 1.34938 -2.21025 2.42746 ];
Pos( 65,:) = [ 1.34818 -2.21093 2.41882 ];
Pos( 66,:) = [ 1.34511 -2.21429 2.39652 ];
Pos( 67,:) = [ 1.32375 -2.30795 2.23015 ];
Pos( 68,:) = [ 1.34665 -2.2123 2.40776 ];
Pos( 69,:) = [ 1.33074 -2.26387 2.28623 ];
Pos( 70,:) = [ 1.32281 -2.31485 2.22249 ];
Pos( 71,:) = [ 1.32354 -2.3095 2.22841 ];
Pos( 72,:) = [ 1.34798 -2.21107 2.41743 ];
Pos( 73,:) = [ 1.33791 -2.23206 2.34228 ];
Pos( 74,:) = [ 1.32613 -2.29156 2.24936 ];
Pos( 75,:) = [ 1.33885 -2.22891 2.34956 ];
Pos( 76,:) = [ 1.34993 -2.21007 2.43137 ];
Pos( 77,:) = [ 1.33194 -2.25755 2.29577 ];
Pos( 78,:) = [ 1.35047 -2.20995 2.43519 ];
Pos( 79,:) = [ 1.33644 -2.23744 2.33094 ];
Pos( 80,:) = [ 1.34925 -2.21031 2.42651 ];
Pos( 81,:) = [ 1.32852 -2.27652 2.26854 ];
Pos( 82,:) = [ 1.33795 -2.23192 2.3426 ];
Pos( 83,:) = [ 1.3369 -2.23569 2.33451 ];
Pos( 84,:) = [ 1.35239 -2.21009 2.4486 ];
Pos( 85,:) = [ 1.34696 -2.21197 2.41002 ];
Pos( 86,:) = [ 1.34814 -2.21096 2.41854 ];
Pos( 87,:) = [ 1.34689 -2.21204 2.40951 ];
Pos( 88,:) = [ 1.32092 -2.3293 2.20709 ];
Pos( 89,:) = [ 1.33066 -2.26429 2.28561 ];
Pos( 90,:) = [ 1.34481 -2.21475 2.39432 ];
Pos( 91,:) = [ 1.34327 -2.21749 2.38291 ];
Pos( 92,:) = [ 1.34631 -2.21268 2.40531 ];
Pos( 93,:) = [ 1.32431 -2.30402 2.23463 ];
Pos( 94,:) = [ 1.3229 -2.31417 2.22324 ];
Pos( 95,:) = [ 1.34066 -2.2236 2.36327 ];
Pos( 96,:) = [ 1.34984 -2.21009 2.4307 ];
Pos( 97,:) = [ 1.34979 -2.2101 2.43037 ];
Pos( 98,:) = [ 1.33093 -2.26284 2.28774 ];
Pos( 99,:) = [ 1.35163 -2.20994 2.44328 ];
Pos( 100,:) = [ 1.34301 -2.21802 2.38094 ];
