Pos( 1,:) = [ 0.499992 0.512954 2 ];
Pos( 2,:) = [ 0.499884 0.565924 2 ];
Pos( 3,:) = [ 0.499927 0.55904 2 ];
Pos( 4,:) = [ 0.499984 0.513467 2 ];
Pos( 5,:) = [ 0.499984 0.513912 2 ];
Pos( 6,:) = [ 0.499993 0.514187 2 ];
Pos( 7,:) = [ 0.49997 0.531157 2 ];
Pos( 8,:) = [ 0.499985 0.526538 2 ];
Pos( 9,:) = [ 0.499905 0.561184 2 ];
Pos( 10,:) = [ 0.499984 0.51305 2 ];
Pos( 11,:) = [ 0.499962 0.545603 2 ];
Pos( 12,:) = [ 0.499912 0.555812 2 ];
Pos( 13,:) = [ 0.499922 0.543901 2 ];
Pos( 14,:) = [ 0.49999 0.522051 2 ];
Pos( 15,:) = [ 0.499854 0.589087 2 ];
Pos( 16,:) = [ 0.499985 0.514269 2 ];
Pos( 17,:) = [ 0.499991 0.52291 2 ];
Pos( 18,:) = [ 0.499985 0.514658 2 ];
Pos( 19,:) = [ 0.499994 0.514858 2 ];
Pos( 20,:) = [ 0.499979 0.535124 2 ];
Pos( 21,:) = [ 0.499972 0.537409 2 ];
Pos( 22,:) = [ 0.499977 0.531824 2 ];
Pos( 23,:) = [ 0.499935 0.546019 2 ];
Pos( 24,:) = [ 0.49999 0.522236 2 ];
Pos( 25,:) = [ 0.499984 0.512792 2 ];
Pos( 26,:) = [ 0.49999 0.521952 2 ];
Pos( 27,:) = [ 0.499994 0.515457 2 ];
Pos( 28,:) = [ 0.499976 0.530415 2 ];
Pos( 29,:) = [ 0.499814 0.591949 2 ];
Pos( 30,:) = [ 0.499996 0.517997 2 ];
Pos( 31,:) = [ 0.499993 0.51353 2 ];
Pos( 32,:) = [ 0.49987 0.571239 2 ];
Pos( 33,:) = [ 0.499985 0.514552 2 ];
Pos( 34,:) = [ 0.499993 0.514418 2 ];
Pos( 35,:) = [ 0.499964 0.547669 2 ];
Pos( 36,:) = [ 0.499986 0.516198 2 ];
Pos( 37,:) = [ 0.499991 0.523525 2 ];
Pos( 38,:) = [ 0.499988 0.519713 2 ];
Pos( 39,:) = [ 0.499985 0.514622 2 ];
Pos( 40,:) = [ 0.499993 0.513943 2 ];
Pos( 41,:) = [ 0.499984 0.521502 2 ];
Pos( 42,:) = [ 0.499987 0.526952 2 ];
Pos( 43,:) = [ 0.499995 0.516966 2 ];
Pos( 44,:) = [ 0.499971 0.53257 2 ];
Pos( 45,:) = [ 0.499841 0.592203 2 ];
Pos( 46,:) = [ 0.499978 0.533494 2 ];
Pos( 47,:) = [ 0.49999 0.522044 2 ];
Pos( 48,:) = [ 0.499773 0.593176 2 ];
Pos( 49,:) = [ 0.499986 0.516162 2 ];
Pos( 50,:) = [ 0.499869 0.588072 2 ];
Pos( 51,:) = [ 0.499988 0.519594 2 ];
Pos( 52,:) = [ 0.499893 0.563035 2 ];
Pos( 53,:) = [ 0.499987 0.517215 2 ];
Pos( 54,:) = [ 0.499931 0.556084 2 ];
Pos( 55,:) = [ 0.499995 0.516267 2 ];
Pos( 56,:) = [ 0.498762 0.74727 2 ];
Pos( 57,:) = [ 0.499994 0.515317 2 ];
Pos( 58,:) = [ 0.499256 0.701057 2 ];
Pos( 59,:) = [ 0.499987 0.51801 2 ];
Pos( 60,:) = [ 0.499989 0.52117 2 ];
Pos( 61,:) = [ 0.499942 0.558515 2 ];
Pos( 62,:) = [ 0.499976 0.530703 2 ];
Pos( 63,:) = [ 0.499975 0.529947 2 ];
Pos( 64,:) = [ 0.499986 0.516229 2 ];
Pos( 65,:) = [ 0.465904 1.89748 2 ];
Pos( 66,:) = [ 0.499996 0.517922 2 ];
Pos( 67,:) = [ 0.499972 0.52606 2 ];
Pos( 68,:) = [ 0.499682 0.621408 2 ];
Pos( 69,:) = [ 0.499972 0.526402 2 ];
Pos( 70,:) = [ 0.499992 0.512711 2 ];
Pos( 71,:) = [ 0.499976 0.531076 2 ];
Pos( 72,:) = [ 0.49998 0.535205 2 ];
Pos( 73,:) = [ 0.499984 0.513865 2 ];
Pos( 74,:) = [ 0.499989 0.521014 2 ];
Pos( 75,:) = [ 0.499993 0.514729 2 ];
Pos( 76,:) = [ 0.498581 0.78237 2 ];
Pos( 77,:) = [ 0.499945 0.556304 2 ];
Pos( 78,:) = [ 0.499962 0.524611 2 ];
Pos( 79,:) = [ 0.499991 0.523981 2 ];
Pos( 80,:) = [ 0.49996 0.543989 2 ];
Pos( 81,:) = [ 0.499991 0.523542 2 ];
Pos( 82,:) = [ 0.499995 0.516957 2 ];
Pos( 83,:) = [ 0.49847 0.796276 2 ];
Pos( 84,:) = [ 0.499042 0.71947 2 ];
Pos( 85,:) = [ 0.499989 0.51983 2 ];
Pos( 86,:) = [ 0.499885 0.565346 2 ];
Pos( 87,:) = [ 0.499995 0.516462 2 ];
Pos( 88,:) = [ 0.499961 0.524547 2 ];
Pos( 89,:) = [ 0.499936 0.549194 2 ];
Pos( 90,:) = [ 0.499902 0.570093 2 ];
Pos( 91,:) = [ 0.499985 0.515257 2 ];
Pos( 92,:) = [ 0.499986 0.515906 2 ];
Pos( 93,:) = [ 0.499993 0.514083 2 ];
Pos( 94,:) = [ 0.499971 0.525078 2 ];
Pos( 95,:) = [ 0.463784 1.97185 2 ];
Pos( 96,:) = [ 0.499986 0.524499 2 ];
Pos( 97,:) = [ 0.499966 0.530499 2 ];
Pos( 98,:) = [ 0.499652 0.627455 2 ];
Pos( 99,:) = [ 0.499987 0.517517 2 ];
Pos( 100,:) = [ 0.49997 0.524145 2 ];
