Pos( 1,:) = [ 1.41746 -0.0805055 -1.24714 ];
Pos( 2,:) = [ 1.46605 -0.111192 -1.24052 ];
Pos( 3,:) = [ 1.46108 -0.11347 -1.22973 ];
Pos( 4,:) = [ 1.4448 0.0150866 -1.25 ];
Pos( 5,:) = [ 1.44835 0.0057565 -1.25 ];
Pos( 6,:) = [ 1.44134 0.0193628 -1.25 ];
Pos( 7,:) = [ 1.46647 -0.108007 -1.23876 ];
Pos( 8,:) = [ 1.50548 0.0235571 -1.23446 ];
Pos( 9,:) = [ 1.47645 -0.0234752 -1.23907 ];
Pos( 10,:) = [ 1.48172 0.0147558 -1.25 ];
Pos( 11,:) = [ 1.45648 0.0407278 -1.25 ];
Pos( 12,:) = [ 1.46047 -0.0198326 -1.25 ];
Pos( 13,:) = [ 1.46488 0.0121493 -1.25 ];
Pos( 14,:) = [ 1.48868 0.0655113 -1.24592 ];
Pos( 15,:) = [ 1.45954 0.125 -1.24025 ];
Pos( 16,:) = [ 1.4581 -0.0147368 -1.25 ];
Pos( 17,:) = [ 1.44701 0.0270155 -1.25 ];
Pos( 18,:) = [ 1.48164 0.0862117 -1.28214 ];
Pos( 19,:) = [ 1.48155 0.0512403 -1.24343 ];
Pos( 20,:) = [ 1.46532 0.00794433 -1.25 ];
Pos( 21,:) = [ 1.45968 -0.019588 -1.25 ];
Pos( 22,:) = [ 1.44302 0.00677492 -1.24744 ];
Pos( 23,:) = [ 1.45839 0.114496 -1.23856 ];
Pos( 24,:) = [ 1.44919 0.11233 -1.25 ];
Pos( 25,:) = [ 1.46301 -0.0999651 -1.23089 ];
Pos( 26,:) = [ 1.44862 -0.12033 -1.23428 ];
Pos( 27,:) = [ 1.46106 0.0585541 -1.22395 ];
Pos( 28,:) = [ 1.45049 -0.0105413 -1.25 ];
Pos( 29,:) = [ 1.44592 -0.125 -1.24401 ];
Pos( 30,:) = [ 1.46659 -0.119976 -1.24422 ];
Pos( 31,:) = [ 1.44697 0.0369967 -1.24827 ];
Pos( 32,:) = [ 1.46737 0.106842 -1.24544 ];
Pos( 33,:) = [ 1.45371 -0.112106 -1.2167 ];
Pos( 34,:) = [ 1.45472 -0.0101941 -1.25 ];
Pos( 35,:) = [ 1.43991 -0.0100914 -1.25 ];
Pos( 36,:) = [ 1.45393 -0.00185123 -1.25 ];
Pos( 37,:) = [ 1.48251 0.121832 -1.23879 ];
Pos( 38,:) = [ 1.45969 0.0430355 -1.25 ];
Pos( 39,:) = [ 1.4972 -0.00730384 -1.22654 ];
Pos( 40,:) = [ 1.46288 0.0653559 -1.25 ];
Pos( 41,:) = [ 1.47505 0.0989338 -1.24731 ];
Pos( 42,:) = [ 1.40635 0.120251 -1.25 ];
Pos( 43,:) = [ 1.44542 0.0509838 -1.25 ];
Pos( 44,:) = [ 1.45324 -0.00547869 -1.25 ];
Pos( 45,:) = [ 1.46291 0.0757112 -1.22797 ];
Pos( 46,:) = [ 1.45597 0.0850479 -1.25 ];
Pos( 47,:) = [ 1.45066 0.0306153 -1.25 ];
Pos( 48,:) = [ 1.4569 -0.0123664 -1.25 ];
Pos( 49,:) = [ 1.4739 0.0236243 -1.24066 ];
Pos( 50,:) = [ 1.4504 0.103569 -1.25 ];
Pos( 51,:) = [ 1.46431 0.125 -1.2459 ];
Pos( 52,:) = [ 1.46101 0.0545119 -1.25 ];
Pos( 53,:) = [ 1.46313 0.0790383 -1.25 ];
Pos( 54,:) = [ 1.45178 0.00377446 -1.25 ];
Pos( 55,:) = [ 1.45562 -0.108904 -1.21937 ];
Pos( 56,:) = [ 1.45746 0.050482 -1.25 ];
Pos( 57,:) = [ 1.43707 0.0652426 -1.25 ];
Pos( 58,:) = [ 1.4642 -0.0348914 -1.23051 ];
Pos( 59,:) = [ 1.45717 0.0193057 -1.25 ];
Pos( 60,:) = [ 1.49659 0.0310403 -1.2365 ];
Pos( 61,:) = [ 1.46969 0.0122493 -1.25 ];
Pos( 62,:) = [ 1.46878 -0.0259929 -1.2464 ];
Pos( 63,:) = [ 1.48298 0.0137335 -1.25 ];
Pos( 64,:) = [ 1.44099 0.0157449 -1.25 ];
Pos( 65,:) = [ 1.46065 0.0236476 -1.25 ];
Pos( 66,:) = [ 1.44839 0.105849 -1.25 ];
Pos( 67,:) = [ 1.44896 0.101757 -1.25 ];
Pos( 68,:) = [ 1.45808 -0.0851201 -1.22292 ];
Pos( 69,:) = [ 1.44962 0.0987363 -1.25 ];
Pos( 70,:) = [ 1.45056 0.0324928 -1.25 ];
Pos( 71,:) = [ 1.48343 0.0687139 -1.2422 ];
Pos( 72,:) = [ 1.41125 0.0224514 -1.24943 ];
Pos( 73,:) = [ 1.45675 -0.043798 -1.25 ];
Pos( 74,:) = [ 1.46417 0.125 -1.24356 ];
Pos( 75,:) = [ 1.46033 0.0521717 -1.25 ];
Pos( 76,:) = [ 1.4544 0.0664408 -1.25 ];
Pos( 77,:) = [ 1.4527 0.103379 -1.25 ];
Pos( 78,:) = [ 1.47334 -0.0909652 -1.23933 ];
Pos( 79,:) = [ 1.44809 0.114087 -1.25 ];
Pos( 80,:) = [ 1.45126 -0.12178 -1.21807 ];
Pos( 81,:) = [ 1.46969 -0.0963498 -1.2401 ];
Pos( 82,:) = [ 1.4496 -0.00220841 -1.25 ];
Pos( 83,:) = [ 1.4553 -0.00723171 -1.25 ];
Pos( 84,:) = [ 1.46891 -0.00630889 -1.23575 ];
Pos( 85,:) = [ 1.46304 0.0861296 -1.25 ];
Pos( 86,:) = [ 1.48995 0.0167442 -1.25 ];
Pos( 87,:) = [ 1.46073 0.0927852 -1.25 ];
Pos( 88,:) = [ 1.45994 -0.102975 -1.23041 ];
Pos( 89,:) = [ 1.41541 0.0415445 -1.25 ];
Pos( 90,:) = [ 1.4416 0.0191197 -1.25 ];
Pos( 91,:) = [ 1.41933 0.116687 -1.25 ];
Pos( 92,:) = [ 1.46605 -0.102978 -1.24156 ];
Pos( 93,:) = [ 1.45867 0.125 -1.24509 ];
Pos( 94,:) = [ 1.45134 -0.00677724 -1.25 ];
Pos( 95,:) = [ 1.46091 -0.125 -1.24621 ];
Pos( 96,:) = [ 1.46472 0.125 -1.24842 ];
Pos( 97,:) = [ 1.46265 -0.119948 -1.235 ];
Pos( 98,:) = [ 1.45851 -0.125 -1.23393 ];
Pos( 99,:) = [ 1.45978 0.0685064 -1.25 ];
Pos( 100,:) = [ 1.46257 0.00680033 -1.25 ];
