Pos( 1,:) = [ 0.040129 -0.0144856 1.13687e-13 ];
Pos( 2,:) = [ -0.0353897 -0.0145509 -1.13687e-13 ];
Pos( 3,:) = [ -0.0368823 -0.0191031 4.54747e-13 ];
Pos( 4,:) = [ 0.0173108 -0.00817096 0 ];
Pos( 5,:) = [ 0.0433554 -0.0124339 -1.13687e-13 ];
Pos( 6,:) = [ 0.0220155 -0.0166249 -9.09495e-13 ];
Pos( 7,:) = [ 0.0376656 -0.0141375 0 ];
Pos( 8,:) = [ 0.0252176 -0.0127626 0 ];
Pos( 9,:) = [ 0.044676 -0.020779 0 ];
Pos( 10,:) = [ 0.0370317 -0.00812845 2.27374e-13 ];
Pos( 11,:) = [ -0.031518 -0.0213924 0 ];
Pos( 12,:) = [ -0.0399079 -0.0109734 0 ];
Pos( 13,:) = [ 0.0425083 -0.00787943 9.09495e-13 ];
Pos( 14,:) = [ 0.0410594 -0.0237491 0 ];
Pos( 15,:) = [ 0.00055492 -0.0168092 0 ];
Pos( 16,:) = [ 0.00569912 -0.0110524 2.27374e-13 ];
Pos( 17,:) = [ -0.0499034 -0.00894616 0 ];
Pos( 18,:) = [ 0.006388 -0.0112449 0 ];
Pos( 19,:) = [ 0.033311 -0.0110642 0 ];
Pos( 20,:) = [ 0.0449472 -0.0141678 0 ];
Pos( 21,:) = [ -0.0426896 -0.0164297 0 ];
Pos( 22,:) = [ -0.042207 -0.00872286 9.09495e-13 ];
Pos( 23,:) = [ 0.0115428 -0.00773333 -2.27374e-13 ];
Pos( 24,:) = [ 0.0401942 -0.0163317 0 ];
Pos( 25,:) = [ 0.0499058 -0.00688048 4.54747e-13 ];
Pos( 26,:) = [ 0.0236361 -0.0139281 1.13687e-13 ];
Pos( 27,:) = [ -0.0490627 -0.0185864 0 ];
Pos( 28,:) = [ 0.00224574 -0.0168111 -5.68434e-14 ];
Pos( 29,:) = [ 0.0416018 -0.00764573 0 ];
Pos( 30,:) = [ 0.00549033 -0.014139 0 ];
Pos( 31,:) = [ 0.0471423 -0.0248222 0 ];
Pos( 32,:) = [ 0.0390734 -0.0117029 0 ];
Pos( 33,:) = [ -0.0273414 -0.012926 -9.09495e-13 ];
Pos( 34,:) = [ 0.0065785 -0.0124654 0 ];
Pos( 35,:) = [ -0.0449729 -0.0145111 0 ];
Pos( 36,:) = [ 0.016372 -0.0255938 -4.54747e-13 ];
Pos( 37,:) = [ 0.0333359 -0.00922945 0 ];
Pos( 38,:) = [ 0.0330907 -0.0166474 0 ];
Pos( 39,:) = [ 0.023917 -0.00726856 0 ];
Pos( 40,:) = [ 0.0437101 -0.00984254 0 ];
Pos( 41,:) = [ 0.0253189 -0.0149346 0 ];
Pos( 42,:) = [ -0.0400793 -0.0212134 0 ];
Pos( 43,:) = [ 0.0360881 -0.0221477 0 ];
Pos( 44,:) = [ -0.0357664 -0.0127998 -4.54747e-13 ];
Pos( 45,:) = [ -0.0463299 -0.018647 0 ];
Pos( 46,:) = [ -0.0380968 -0.00979499 4.54747e-13 ];
Pos( 47,:) = [ -0.0469027 -0.0113952 2.27374e-13 ];
Pos( 48,:) = [ 0.0403586 -0.0245672 0 ];
Pos( 49,:) = [ -0.0302501 -0.0183204 0 ];
Pos( 50,:) = [ 0.0405675 -0.0195011 0 ];
Pos( 51,:) = [ 0.0420811 -0.0250787 4.54747e-13 ];
Pos( 52,:) = [ 0.0232415 -0.0190586 4.54747e-13 ];
Pos( 53,:) = [ -0.0343016 -0.00957579 -9.09495e-13 ];
Pos( 54,:) = [ 0.0496865 -0.0160462 0 ];
Pos( 55,:) = [ -0.0364459 -0.0181706 5.68434e-14 ];
Pos( 56,:) = [ -0.0323051 -0.0168844 0 ];
Pos( 57,:) = [ 0.0294347 -0.00614834 0 ];
Pos( 58,:) = [ -0.0401251 -0.00952537 0 ];
Pos( 59,:) = [ 0.00771588 -0.0173696 -9.09495e-13 ];
Pos( 60,:) = [ -0.0245987 -0.00981946 -9.09495e-13 ];
Pos( 61,:) = [ 0.030599 -0.0205867 1.13687e-13 ];
Pos( 62,:) = [ -0.0354122 -0.00783056 0 ];
Pos( 63,:) = [ -0.0311166 -0.0145011 2.84217e-14 ];
Pos( 64,:) = [ 0.0302459 -0.00838538 9.09495e-13 ];
Pos( 65,:) = [ -0.0403358 -0.0204547 0 ];
Pos( 66,:) = [ -0.0497428 -0.0167113 -4.54747e-13 ];
Pos( 67,:) = [ -0.0472486 -0.029355 0 ];
Pos( 68,:) = [ -0.0280268 -0.0141611 0 ];
Pos( 69,:) = [ -0.00613732 -0.00557138 0 ];
Pos( 70,:) = [ -0.0355342 -0.0103613 0 ];
Pos( 71,:) = [ 0.0363766 -0.00765785 0 ];
Pos( 72,:) = [ 0.0456368 -0.0273367 0 ];
Pos( 73,:) = [ -0.027554 -0.0168025 -2.27374e-13 ];
Pos( 74,:) = [ 0.045107 -0.0180149 -4.54747e-13 ];
Pos( 75,:) = [ -0.0401926 -0.0119383 0 ];
Pos( 76,:) = [ 0.0331707 -0.0137082 0 ];
Pos( 77,:) = [ -0.0462144 -0.0166995 0 ];
Pos( 78,:) = [ 0.0477902 -0.0127394 0 ];
Pos( 79,:) = [ 0.0471073 -0.0199149 0 ];
Pos( 80,:) = [ -0.0496412 -0.00827835 -1.13687e-13 ];
Pos( 81,:) = [ 0.0330455 -0.00743666 0 ];
Pos( 82,:) = [ 0.00286364 -0.00800156 0 ];
Pos( 83,:) = [ 0.0170164 -0.00881579 0 ];
Pos( 84,:) = [ 0.0176494 -0.0157141 -4.54747e-13 ];
Pos( 85,:) = [ -0.0358975 -0.0149653 0 ];
Pos( 86,:) = [ 0.0120499 -0.0128443 0 ];
Pos( 87,:) = [ -0.00723868 -0.00896567 0 ];
Pos( 88,:) = [ -0.0310371 -0.0178933 -9.09495e-13 ];
Pos( 89,:) = [ -0.00505476 -0.00668418 0 ];
Pos( 90,:) = [ 0.0110794 -0.00363733 2.27374e-13 ];
Pos( 91,:) = [ -0.0266845 -0.0112999 9.09495e-13 ];
Pos( 92,:) = [ 0.02778 -0.0269831 -2.27374e-13 ];
Pos( 93,:) = [ -0.030078 -0.0194545 0 ];
Pos( 94,:) = [ 0.0352974 -0.0184428 0 ];
Pos( 95,:) = [ 0.0139631 -0.0149994 -9.09495e-13 ];
Pos( 96,:) = [ -0.0440001 -0.0182646 -4.54747e-13 ];
Pos( 97,:) = [ 0.046082 -0.00892312 0 ];
Pos( 98,:) = [ 0.0448985 -0.0125692 0 ];
Pos( 99,:) = [ 0.00949289 -0.00889855 0 ];
Pos( 100,:) = [ 0.0445904 -0.00765298 0 ];
Pos( 101,:) = [ -0.0418006 -0.00881868 1.13687e-13 ];
Pos( 102,:) = [ -0.0329463 -0.00632923 0 ];
Pos( 103,:) = [ 0.0141519 -0.0150258 -4.54747e-13 ];
Pos( 104,:) = [ -6.60698e-05 -0.0141441 0 ];
Pos( 105,:) = [ -0.048698 -0.0216466 -1.13687e-13 ];
Pos( 106,:) = [ 0.046785 -0.00761431 0 ];
Pos( 107,:) = [ -0.040084 -0.0127807 0 ];
Pos( 108,:) = [ 0.0416966 -0.0168336 0 ];
Pos( 109,:) = [ 0.0144993 -0.0142852 4.54747e-13 ];
Pos( 110,:) = [ 0.0260863 -0.0171347 0 ];
Pos( 111,:) = [ 0.0353866 -0.0278331 0 ];
Pos( 112,:) = [ -0.0403708 -0.0127136 9.09495e-13 ];
Pos( 113,:) = [ -0.0426809 -0.0126855 0 ];
Pos( 114,:) = [ 0.0392734 -0.00999625 0 ];
Pos( 115,:) = [ -0.0484579 -0.0280193 -1.13687e-13 ];
Pos( 116,:) = [ -0.0471842 -0.0250025 0 ];
Pos( 117,:) = [ -0.0334271 -0.0168332 0 ];
Pos( 118,:) = [ 0.0448188 -0.00783805 0 ];
Pos( 119,:) = [ -0.025723 -0.0115407 0 ];
Pos( 120,:) = [ 0.032007 -0.0168436 0 ];
Pos( 121,:) = [ 0.0122567 -0.0175345 0 ];
Pos( 122,:) = [ 0.043238 -0.0131706 0 ];
Pos( 123,:) = [ 0.0492533 -0.0200492 0 ];
Pos( 124,:) = [ -0.0286407 -0.0191652 0 ];
Pos( 125,:) = [ 0.0292293 -0.0156273 -9.09495e-13 ];
Pos( 126,:) = [ 0.0158523 -0.0171135 0 ];
Pos( 127,:) = [ -0.0430818 -0.0171382 4.54747e-13 ];
Pos( 128,:) = [ -0.0325692 -0.012652 0 ];
Pos( 129,:) = [ 0.0360444 -0.015334 0 ];
Pos( 130,:) = [ -0.0244235 -0.0124512 0 ];
Pos( 131,:) = [ 0.0271281 -0.00900474 -5.68434e-14 ];
Pos( 132,:) = [ 0.0252729 -0.0144306 0 ];
Pos( 133,:) = [ -0.0355951 -0.0165215 4.54747e-13 ];
Pos( 134,:) = [ -0.0384824 -0.0185734 0 ];
Pos( 135,:) = [ -0.0485114 -0.00402474 0.00467357 ];
Pos( 136,:) = [ -0.000721142 -0.0109581 -4.54747e-13 ];
Pos( 137,:) = [ 0.0406189 -0.0217644 0 ];
Pos( 138,:) = [ 0.0240439 -0.00706045 -1.13687e-13 ];
Pos( 139,:) = [ -0.0320182 -0.0187485 0 ];
Pos( 140,:) = [ 0.0466058 -0.0148767 0 ];
Pos( 141,:) = [ -0.0212767 -0.0111726 0 ];
Pos( 142,:) = [ -0.0363172 -0.0105189 0 ];
Pos( 143,:) = [ 0.0379791 -0.00511898 0 ];
Pos( 144,:) = [ -0.0428757 -0.0202021 0 ];
Pos( 145,:) = [ 0.0149316 -0.0177537 -5.68434e-14 ];
Pos( 146,:) = [ -0.0321983 -0.0126691 0 ];
Pos( 147,:) = [ -0.0369572 -0.00836488 -4.54747e-13 ];
Pos( 148,:) = [ 0.0456487 -0.00675475 -4.54747e-13 ];
Pos( 149,:) = [ 0.0100452 -0.00467065 0 ];
Pos( 150,:) = [ 0.0167358 -0.0105197 9.09495e-13 ];
Pos( 151,:) = [ -0.0350548 -0.011993 4.54747e-13 ];
Pos( 152,:) = [ -0.0481575 -0.00646014 0 ];
Pos( 153,:) = [ 0.0355357 -0.0242739 0 ];
Pos( 154,:) = [ 0.019459 -0.0157406 0 ];
Pos( 155,:) = [ -0.0488858 -0.00961887 -4.54747e-13 ];
Pos( 156,:) = [ -0.0473384 -0.0248357 0 ];
Pos( 157,:) = [ -0.0361803 -0.0167827 -2.27374e-13 ];
Pos( 158,:) = [ -0.0332919 -0.00878014 -4.54747e-13 ];
Pos( 159,:) = [ -0.0175446 -0.0169987 0 ];
Pos( 160,:) = [ 0.0431345 -0.0112978 0 ];
Pos( 161,:) = [ 0.00473964 -0.0120181 0 ];
Pos( 162,:) = [ 0.0244248 -0.00824792 -9.09495e-13 ];
Pos( 163,:) = [ 0.0306384 -0.0111114 0 ];
Pos( 164,:) = [ 0.0323585 -0.0117859 0 ];
Pos( 165,:) = [ -0.0266214 -0.0197416 0 ];
Pos( 166,:) = [ -0.0489969 -0.0115822 0 ];
Pos( 167,:) = [ -0.0324754 -0.0111948 0 ];
Pos( 168,:) = [ 0.0417979 -0.0218725 2.84217e-14 ];
Pos( 169,:) = [ -0.0335698 -0.0163124 0 ];
Pos( 170,:) = [ -0.049959 -0.00635079 0 ];
Pos( 171,:) = [ -0.0073069 -0.0139432 -2.84217e-14 ];
Pos( 172,:) = [ 0.0370955 -0.0177445 0 ];
Pos( 173,:) = [ 0.00638378 -0.0193115 0 ];
Pos( 174,:) = [ -0.0468705 -0.0138337 0 ];
