Pos( 1,:) = [ 0.00060006 0.00050005 -0.000900004 ];
Pos( 2,:) = [ 0.0010001 0.0010001 0 ];
Pos( 3,:) = [ 0.00050005 0.00020002 -0.000900004 ];
