Pos( 1,:) = [ 0.00030003 0.00030003 0 ];
Pos( 2,:) = [ -0.000187516 0.700653 -0.0154169 ];
Pos( 3,:) = [ -0.0201388 1.15728 -0.0359387 ];
Pos( 4,:) = [ -0.0245216 -0.718149 0.0291446 ];
Pos( 5,:) = [ 0.0429397 0.325753 -0.039207 ];
Pos( 6,:) = [ -0.0161672 -1.02439 0.0453372 ];
Pos( 7,:) = [ 0.0612013 0.0749549 0.0023324 ];
Pos( 8,:) = [ 0.0107667 -0.0319112 0.00472961 ];
Pos( 9,:) = [ -0.0290223 -2.91584 0.119734 ];
Pos( 10,:) = [ -0.012661 -0.636878 0.0271126 ];
Pos( 11,:) = [ 0.00070007 0.00070007 0 ];
Pos( 12,:) = [ -0.00800457 0.414639 -0.00335406 ];
Pos( 13,:) = [ -0.00598442 -0.399255 0.0172847 ];
Pos( 14,:) = [ 0.0707005 -0.801682 0.0344268 ];
Pos( 15,:) = [ 0.0241419 -0.753857 0.0156574 ];
Pos( 16,:) = [ -0.0883317 -0.607918 0.0273407 ];
Pos( 17,:) = [ -0.0304574 0.865322 -0.0239823 ];
Pos( 18,:) = [ 0.00020002 0.00020002 0 ];
Pos( 19,:) = [ 0.00245616 -1.35212 0.0527666 ];
Pos( 20,:) = [ 0.0308621 -0.148847 0.0115597 ];
Pos( 21,:) = [ 0.0627549 -0.471036 0.0209911 ];
Pos( 22,:) = [ -0.0308481 -0.293433 0.0242659 ];
Pos( 23,:) = [ -0.0579706 -0.763405 0.0332894 ];
Pos( 24,:) = [ -0.0646299 0.779323 0.0248848 ];
Pos( 25,:) = [ 0.0513423 0.740023 -0.0204558 ];
Pos( 26,:) = [ -0.0394435 0.164164 -0.0188284 ];
Pos( 27,:) = [ 0.00203375 0.584643 -0.0230366 ];
Pos( 28,:) = [ -0.0876448 -0.404491 0.0198108 ];
Pos( 29,:) = [ 0.0575156 -0.8946 0.0327771 ];
Pos( 30,:) = [ 0.0147669 0.763712 -0.022296 ];
Pos( 31,:) = [ 0.0380699 -0.0707516 -0.0140384 ];
Pos( 32,:) = [ -0.00192052 -1.2074 0.0513489 ];
Pos( 33,:) = [ 0.0535026 0.686539 -0.0208455 ];
Pos( 34,:) = [ -0.0171767 -0.795859 0.0450307 ];
Pos( 35,:) = [ -0.0145684 -0.27757 0.0126756 ];
Pos( 36,:) = [ 0.0253236 -0.93086 0.0332924 ];
Pos( 37,:) = [ 0.0350675 -0.757226 0.0271041 ];
Pos( 38,:) = [ 0.0163155 -0.492928 0.0240534 ];
Pos( 39,:) = [ -0.000179721 -0.205527 0.0108058 ];
Pos( 40,:) = [ 0.00246127 0.0253376 -0.00131897 ];
Pos( 41,:) = [ 0.00376885 -1.15668 0.0405401 ];
Pos( 42,:) = [ 0.0154886 0.392188 -0.0104728 ];
Pos( 43,:) = [ -0.0347453 0.903466 -0.0247178 ];
Pos( 44,:) = [ 0.0341149 -0.22462 0.0106982 ];
Pos( 45,:) = [ -0.000861494 -0.318179 0.013293 ];
Pos( 46,:) = [ 0.017771 0.662441 -0.0178633 ];
Pos( 47,:) = [ -0.00550432 -0.371258 0.0106005 ];
Pos( 48,:) = [ -0.0211653 1.2311 -0.0328644 ];
Pos( 49,:) = [ -0.0032295 -0.0842262 0.00479398 ];
Pos( 50,:) = [ 0.0659079 1.10368 -0.0374732 ];
Pos( 51,:) = [ 0.00466092 1.06834 -0.0427115 ];
Pos( 52,:) = [ -0.0186335 -0.613694 0.0302788 ];
Pos( 53,:) = [ -0.0289854 0.899486 -0.0246553 ];
Pos( 54,:) = [ 0.00030003 0.00030003 0 ];
Pos( 55,:) = [ -0.0218719 -0.236654 0.0103455 ];
Pos( 56,:) = [ -0.023615 0.117387 0.00125695 ];
Pos( 57,:) = [ 0.0406919 0.16554 0.000635672 ];
Pos( 58,:) = [ 0.0426116 0.0858431 -0.0117611 ];
Pos( 59,:) = [ -0.00127237 -0.328617 0.0155124 ];
Pos( 60,:) = [ 0.00514785 -1.16965 0.0402956 ];
Pos( 61,:) = [ 0.0122775 0.353491 -0.00451946 ];
Pos( 62,:) = [ -0.0225998 0.705313 -0.0210497 ];
Pos( 63,:) = [ -0.0681752 0.174844 0.000122491 ];
Pos( 64,:) = [ 0.0627987 -0.152843 0.00567059 ];
Pos( 65,:) = [ -0.0187358 -0.126114 0.0140431 ];
Pos( 66,:) = [ -0.000787119 -0.664601 0.0275029 ];
Pos( 67,:) = [ -0.0140946 0.400512 -0.00494199 ];
Pos( 68,:) = [ -0.0253298 0.528285 -0.0102449 ];
Pos( 69,:) = [ 0.0617327 0.171175 -0.00399006 ];
Pos( 70,:) = [ -0.039163 -0.198878 0.00327144 ];
Pos( 71,:) = [ 0.0274533 0.775028 -0.0176523 ];
Pos( 72,:) = [ -0.0961598 -0.697032 0.0343549 ];
Pos( 73,:) = [ 0.0647852 -0.325149 0.0118696 ];
Pos( 74,:) = [ 0.0127268 -0.370125 0.0429524 ];
Pos( 75,:) = [ 0.0628015 0.371733 -0.00700019 ];
Pos( 76,:) = [ -0.00978946 -0.633293 0.0195701 ];
Pos( 77,:) = [ -0.0176281 -0.287691 0.0183389 ];
Pos( 78,:) = [ -0.0474438 -2.11486 0.0855399 ];
Pos( 79,:) = [ 0.00030003 0.00030003 0 ];
Pos( 80,:) = [ -0.0115426 0.434823 -0.0429937 ];
Pos( 81,:) = [ -0.0107454 -0.261837 0.0230294 ];
Pos( 82,:) = [ 0.00010001 0.00010001 0 ];
Pos( 83,:) = [ -0.00596791 -0.751422 0.0239927 ];
Pos( 84,:) = [ -0.0645311 -0.0426878 -0.0373227 ];
Pos( 85,:) = [ 0.0172142 1.18379 -0.0352484 ];
Pos( 86,:) = [ 0.0277801 0.412658 -0.0130218 ];
Pos( 87,:) = [ 0.00981841 -0.351216 0.0148738 ];
Pos( 88,:) = [ 0.00080008 0.00080008 0 ];
Pos( 89,:) = [ -0.0192228 -1.18348 0.0452511 ];
Pos( 90,:) = [ -0.0158671 -0.427653 0.0277294 ];
Pos( 91,:) = [ 0.0160083 -0.920516 0.0405908 ];
Pos( 92,:) = [ 0.0270114 0.737741 -0.0149246 ];
Pos( 93,:) = [ -0.00820047 -1.14216 0.0495934 ];
Pos( 94,:) = [ -0.0230086 1.45834 -0.0400058 ];
Pos( 95,:) = [ 0.00891509 -1.16536 0.0323674 ];
Pos( 96,:) = [ 0.060536 0.0472015 0.00447722 ];
Pos( 97,:) = [ 0.0341032 -0.171622 0.0142895 ];
Pos( 98,:) = [ -0.0710225 0.559974 -0.0112166 ];
Pos( 99,:) = [ 0.0220108 0.59461 -0.000406242 ];
Pos( 100,:) = [ -0.0521057 1.14358 -0.0300028 ];
