Pos( 1,:) = [ 1.46113 0.0811451 -1.25 ];
Pos( 2,:) = [ 1.46874 -0.000139646 -1.25 ];
Pos( 3,:) = [ 1.44566 -0.0380293 -1.25 ];
Pos( 4,:) = [ 1.44485 0.0125306 -1.25 ];
Pos( 5,:) = [ 1.46448 -0.1 -1.24635 ];
Pos( 6,:) = [ 1.47429 0.1 -1.24918 ];
Pos( 7,:) = [ 1.45626 -0.1 -1.2424 ];
Pos( 8,:) = [ 1.46251 -0.0120718 -1.25 ];
Pos( 9,:) = [ 1.46339 0.1 -1.24865 ];
Pos( 10,:) = [ 1.45921 -0.00182625 -1.25 ];
Pos( 11,:) = [ 1.46985 0.1 -1.24558 ];
Pos( 12,:) = [ 1.40888 -0.500823 -1.29464 ];
Pos( 13,:) = [ 1.4876 0.0694252 -1.24305 ];
Pos( 14,:) = [ 1.46446 -0.1 -1.24578 ];
Pos( 15,:) = [ 1.46838 0.1 -1.24791 ];
Pos( 16,:) = [ 1.45909 -0.1 -1.24427 ];
Pos( 17,:) = [ 1.45915 0.0340498 -1.25 ];
Pos( 18,:) = [ 1.45383 0.0966911 -1.25 ];
Pos( 19,:) = [ 1.5073 0.1 -1.24474 ];
Pos( 20,:) = [ 1.4727 -0.1 -1.24111 ];
Pos( 21,:) = [ 1.4662 0.1 -1.23956 ];
Pos( 22,:) = [ 1.44555 -0.0336685 -1.25 ];
Pos( 23,:) = [ 1.4581 -0.1 -1.24778 ];
Pos( 24,:) = [ 1.47104 -0.1 -1.234 ];
Pos( 25,:) = [ 1.49759 0.00512944 -1.25 ];
Pos( 26,:) = [ 1.45383 0.0904707 -1.25 ];
Pos( 27,:) = [ 1.46221 0.1 -1.24431 ];
Pos( 28,:) = [ 1.43987 0.0515084 -1.25 ];
Pos( 29,:) = [ 1.46251 -0.1 -1.24376 ];
Pos( 30,:) = [ 1.45792 -0.0039398 -1.25 ];
Pos( 31,:) = [ 1.44761 0.0191592 -1.25 ];
Pos( 32,:) = [ 1.45536 0.00597142 -1.25 ];
Pos( 33,:) = [ 1.45976 -0.00951772 -1.25 ];
Pos( 34,:) = [ 1.46223 -0.0184838 -1.25 ];
Pos( 35,:) = [ 1.45427 -0.1 -1.24509 ];
Pos( 36,:) = [ 1.47389 -0.0315774 -1.25 ];
Pos( 37,:) = [ 1.46234 -0.1 -1.24376 ];
Pos( 38,:) = [ 1.4616 0.0254766 -1.25 ];
Pos( 39,:) = [ 1.47093 -0.0235567 -1.25 ];
Pos( 40,:) = [ 1.45991 -0.0237001 -1.25 ];
Pos( 41,:) = [ 1.45653 -0.1 -1.24555 ];
Pos( 42,:) = [ 1.45273 0.0553999 -1.25 ];
Pos( 43,:) = [ 1.45121 0.1 -1.24327 ];
Pos( 44,:) = [ 1.47257 0.1 -1.24564 ];
Pos( 45,:) = [ 1.45354 -0.1 -1.24485 ];
Pos( 46,:) = [ 1.46647 -0.1 -1.24599 ];
Pos( 47,:) = [ 1.45527 -0.00936763 -1.25 ];
Pos( 48,:) = [ 1.4626 -0.1 -1.23991 ];
Pos( 49,:) = [ 1.45952 -0.00410754 -1.25 ];
Pos( 50,:) = [ 1.46016 -0.00401029 -1.25 ];
Pos( 51,:) = [ 1.43656 -0.0870071 -1.25 ];
Pos( 52,:) = [ 1.42839 0.0795449 -1.25 ];
Pos( 53,:) = [ 1.46267 0.00650478 -1.25 ];
Pos( 54,:) = [ 1.45022 0.0127148 -1.25 ];
Pos( 55,:) = [ 1.44556 0.1 -1.24779 ];
Pos( 56,:) = [ 1.45788 0.1 -1.24694 ];
Pos( 57,:) = [ 1.44772 0.1 -1.24768 ];
Pos( 58,:) = [ 1.45856 -0.1 -1.24179 ];
Pos( 59,:) = [ 1.46084 -0.1 -1.23992 ];
Pos( 60,:) = [ 1.45529 -0.1 -1.24342 ];
Pos( 61,:) = [ 1.46644 -0.1 -1.24395 ];
Pos( 62,:) = [ 1.47773 -0.1 -1.24087 ];
Pos( 63,:) = [ 1.45713 -0.1 -1.24357 ];
Pos( 64,:) = [ 1.45966 -0.021413 -1.25 ];
Pos( 65,:) = [ 1.45892 0.1 -1.24946 ];
Pos( 66,:) = [ 1.45601 0.000760936 -1.25 ];
Pos( 67,:) = [ 1.45975 0.00875178 -1.25 ];
Pos( 68,:) = [ 1.44973 0.0148939 -1.25 ];
Pos( 69,:) = [ 1.45117 -0.1 -1.18268 ];
Pos( 70,:) = [ 1.4511 0.00730885 -1.25 ];
Pos( 71,:) = [ 1.4625 -0.0164065 -1.25 ];
Pos( 72,:) = [ 1.4547 0.0022701 -1.25 ];
Pos( 73,:) = [ 1.50173 0.1 -1.24232 ];
Pos( 74,:) = [ 1.44369 -0.0304261 -1.25 ];
Pos( 75,:) = [ 1.44711 0.00664051 -1.25 ];
Pos( 76,:) = [ 1.45351 0.1 -1.24898 ];
Pos( 77,:) = [ 1.45467 -0.1 -1.23026 ];
Pos( 78,:) = [ 1.45307 -0.0272542 -1.25 ];
Pos( 79,:) = [ 1.46229 -0.1 -1.24149 ];
Pos( 80,:) = [ 1.46898 0.0490255 -1.25 ];
Pos( 81,:) = [ 1.45251 -0.0186421 -1.25 ];
Pos( 82,:) = [ 1.46174 -0.01849 -1.25 ];
Pos( 83,:) = [ 1.46145 -0.1 -1.24185 ];
Pos( 84,:) = [ 1.45804 -0.0562824 -1.25 ];
Pos( 85,:) = [ 1.47054 -0.021459 -1.25 ];
Pos( 86,:) = [ 1.43735 -0.0903989 -1.25 ];
Pos( 87,:) = [ 1.45225 0.0191351 -1.25 ];
Pos( 88,:) = [ 1.46227 -0.1 -1.24346 ];
Pos( 89,:) = [ 1.4492 0.0140045 -1.25 ];
Pos( 90,:) = [ 1.45684 0.0227705 -1.25 ];
Pos( 91,:) = [ 1.47357 0.0220501 -1.25 ];
Pos( 92,:) = [ 1.45498 0.00873403 -1.25 ];
Pos( 93,:) = [ 1.44578 0.00334303 -1.25 ];
Pos( 94,:) = [ 1.45764 0.0274309 -1.25 ];
Pos( 95,:) = [ 1.45758 -0.00811905 -1.25 ];
Pos( 96,:) = [ -nan -nan -nan ];
Pos( 97,:) = [ -nan -nan -nan ];
Pos( 98,:) = [ -nan -nan -nan ];
Pos( 99,:) = [ -nan -nan -nan ];
Pos( 100,:) = [ -nan -nan -nan ];
