Pos( 1,:) = [ 0.0005 0.0005 0 ];
