Pos( 1,:) = [ 1.42451 0.00818814 0.25 ];
Pos( 2,:) = [ 1.46814 0.054752 0.0692346 ];
Pos( 3,:) = [ 1.42235 0.00991653 0.25 ];
Pos( 4,:) = [ 1.47066 0.0534418 0.0707843 ];
Pos( 5,:) = [ 1.45761 0.0043381 0.25 ];
Pos( 6,:) = [ 1.43313 0.00685492 0.25 ];
Pos( 7,:) = [ 1.4469 0.00437592 0.25 ];
Pos( 8,:) = [ 1.36 0.0240039 0.225491 ];
Pos( 9,:) = [ 1.47205 0.0485063 0.0685089 ];
Pos( 10,:) = [ 1.36 0.0320751 0.166671 ];
Pos( 11,:) = [ 1.40302 0.0122479 0.25 ];
Pos( 12,:) = [ 1.36 0.0277007 0.183748 ];
Pos( 13,:) = [ 1.46025 0.00423964 0.25 ];
Pos( 14,:) = [ 1.47718 0.0496374 0.076615 ];
Pos( 15,:) = [ 1.4417 0.00552798 0.25 ];
Pos( 16,:) = [ 1.47863 0.0321135 0.0798128 ];
Pos( 17,:) = [ 1.48945 0.0244317 0.0900439 ];
Pos( 18,:) = [ 1.38098 0.0154792 0.25 ];
Pos( 19,:) = [ 1.49933 0.0119976 0.101963 ];
Pos( 20,:) = [ 1.48591 0.0303861 0.0871165 ];
Pos( 21,:) = [ 1.4019 0.0110909 0.25 ];
Pos( 22,:) = [ 1.36 0.0212918 0.230016 ];
Pos( 23,:) = [ 1.46645 0.0738561 0.0675046 ];
Pos( 24,:) = [ 1.46763 0.0588033 0.0667604 ];
Pos( 25,:) = [ 1.44415 0.00476764 0.25 ];
Pos( 26,:) = [ 1.4503 0.00519708 0.25 ];
Pos( 27,:) = [ 1.36 0.0219269 0.222528 ];
Pos( 28,:) = [ 1.45801 0.00332797 0.25 ];
Pos( 29,:) = [ 1.46423 0.0766827 0.0653277 ];
Pos( 30,:) = [ 1.47828 0.0472343 0.0774395 ];
Pos( 31,:) = [ 1.46418 0.0794105 0.0642396 ];
Pos( 32,:) = [ 1.49267 0.0159269 0.0941048 ];
Pos( 33,:) = [ 1.43597 0.00640172 0.25 ];
Pos( 34,:) = [ 1.36 0.0229537 0.215636 ];
Pos( 35,:) = [ 1.45776 0.00416867 0.25 ];
Pos( 36,:) = [ 1.36 0.0258355 0.196706 ];
Pos( 37,:) = [ 1.43994 0.00561093 0.25 ];
Pos( 38,:) = [ 1.46242 0.0819841 0.0622266 ];
Pos( 39,:) = [ 1.40831 0.0104521 0.25 ];
Pos( 40,:) = [ 1.39555 0.014961 0.25 ];
Pos( 41,:) = [ 1.48251 0.0360027 0.0832916 ];
Pos( 42,:) = [ 1.36 0.0254741 0.190659 ];
Pos( 43,:) = [ 1.44559 0.00627113 0.25 ];
Pos( 44,:) = [ 1.4656 0.0648856 0.0644615 ];
Pos( 45,:) = [ 1.44876 0.00487861 0.25 ];
Pos( 46,:) = [ 1.45574 0.00379442 0.25 ];
Pos( 47,:) = [ 1.45279 0.00403764 0.25 ];
Pos( 48,:) = [ 1.36 0.0260462 0.173936 ];
Pos( 49,:) = [ 1.47448 0.0532425 0.0750382 ];
Pos( 50,:) = [ 1.39493 0.0147127 0.25 ];
Pos( 51,:) = [ 1.45128 0.00479625 0.25 ];
Pos( 52,:) = [ 1.47152 0.0604168 0.0707927 ];
Pos( 53,:) = [ 1.47012 0.0560639 0.0680093 ];
Pos( 54,:) = [ 1.44261 0.00496148 0.25 ];
Pos( 55,:) = [ 1.47906 0.0436282 0.0795699 ];
Pos( 56,:) = [ 1.47089 0.0518146 0.0728031 ];
Pos( 57,:) = [ 1.36 0.0236832 0.204086 ];
Pos( 58,:) = [ 1.49362 0.0119312 0.094033 ];
Pos( 59,:) = [ 1.47937 0.0356428 0.0819014 ];
Pos( 60,:) = [ 1.36 0.0284609 0.192778 ];
Pos( 61,:) = [ 1.4598 0.00311535 0.25 ];
Pos( 62,:) = [ 1.45845 0.00338346 0.25 ];
Pos( 63,:) = [ 1.36 0.0259077 0.180755 ];
Pos( 64,:) = [ 1.41643 0.00870799 0.25 ];
Pos( 65,:) = [ 1.45232 0.00453865 0.25 ];
Pos( 66,:) = [ 1.36 0.0243373 0.184267 ];
Pos( 67,:) = [ 1.47147 0.0541997 0.068709 ];
Pos( 68,:) = [ 1.48954 0.0139343 0.0905946 ];
Pos( 69,:) = [ 1.46507 0.0691733 0.0667037 ];
Pos( 70,:) = [ 1.36 0.0203929 0.240022 ];
Pos( 71,:) = [ 1.36 0.031495 0.146596 ];
Pos( 72,:) = [ 1.48403 0.0202813 0.0850323 ];
Pos( 73,:) = [ 1.4212 0.00847347 0.25 ];
Pos( 74,:) = [ 1.41903 0.0079561 0.25 ];
Pos( 75,:) = [ 1.36 0.0264362 0.173886 ];
Pos( 76,:) = [ 1.49039 0.0186932 0.0911803 ];
Pos( 77,:) = [ 1.4305 0.00774513 0.25 ];
Pos( 78,:) = [ 1.44791 0.00597479 0.25 ];
Pos( 79,:) = [ 1.36 0.0294328 0.187132 ];
Pos( 80,:) = [ 1.46836 0.0571818 0.0663461 ];
Pos( 81,:) = [ 1.36 0.029433 0.186375 ];
Pos( 82,:) = [ 1.48321 0.0226559 0.0830317 ];
Pos( 83,:) = [ 1.36 0.0253885 0.197082 ];
Pos( 84,:) = [ 1.48918 0.0182517 0.0927808 ];
Pos( 85,:) = [ 1.45369 0.0034881 0.25 ];
Pos( 86,:) = [ 1.41046 0.0107116 0.25 ];
Pos( 87,:) = [ 1.36 0.0221646 0.223553 ];
Pos( 88,:) = [ 1.36 0.0221212 0.216355 ];
Pos( 89,:) = [ 1.36 0.0244077 0.193148 ];
Pos( 90,:) = [ 1.44418 0.00577818 0.25 ];
Pos( 91,:) = [ 1.41273 0.0110987 0.25 ];
Pos( 92,:) = [ 1.48839 0.0238413 0.0884411 ];
Pos( 93,:) = [ 1.36 0.0269131 0.173543 ];
Pos( 94,:) = [ 1.38821 0.0140918 0.25 ];
Pos( 95,:) = [ 1.4658 0.0746661 0.0682805 ];
Pos( 96,:) = [ 1.36 0.0383835 0.136904 ];
Pos( 97,:) = [ 1.44879 0.00399275 0.25 ];
Pos( 98,:) = [ 1.40152 0.0138461 0.25 ];
Pos( 99,:) = [ 1.46048 0.00425923 0.25 ];
Pos( 100,:) = [ 1.45648 0.00346394 0.25 ];
Pos( 101,:) = [ 1.45623 0.00423341 0.25 ];
Pos( 102,:) = [ 1.43473 0.00655167 0.25 ];
Pos( 103,:) = [ 1.46595 0.0779924 0.0655462 ];
Pos( 104,:) = [ 1.36 0.0230393 0.214208 ];
Pos( 105,:) = [ 1.40306 0.0109731 0.25 ];
Pos( 106,:) = [ 1.36 0.0248172 0.221285 ];
Pos( 107,:) = [ 1.43675 0.00557603 0.25 ];
Pos( 108,:) = [ 1.36 0.0199311 0.246588 ];
Pos( 109,:) = [ 1.38731 0.0167645 0.25 ];
Pos( 110,:) = [ 1.36 0.0251315 0.21006 ];
Pos( 111,:) = [ 1.36 0.0277836 0.178791 ];
Pos( 112,:) = [ 1.44831 0.00462511 0.25 ];
Pos( 113,:) = [ 1.36 0.0228398 0.225247 ];
Pos( 114,:) = [ 1.41102 0.0110352 0.25 ];
Pos( 115,:) = [ 1.46655 0.0671282 0.0685028 ];
Pos( 116,:) = [ 1.45039 0.00542114 0.25 ];
Pos( 117,:) = [ 1.36 0.028755 0.182933 ];
Pos( 118,:) = [ 1.36 0.0207214 0.228553 ];
Pos( 119,:) = [ 1.3691 0.0170783 0.25 ];
Pos( 120,:) = [ 1.36 0.0223329 0.204841 ];
Pos( 121,:) = [ 1.42922 0.00801745 0.25 ];
Pos( 122,:) = [ 1.36 0.0257257 0.207289 ];
Pos( 123,:) = [ 1.36 0.0191802 0.234972 ];
Pos( 124,:) = [ 1.49035 0.0126722 0.0900649 ];
Pos( 125,:) = [ 1.42212 0.0100033 0.25 ];
Pos( 126,:) = [ 1.44022 0.0052706 0.25 ];
Pos( 127,:) = [ 1.498 0.0153655 0.10283 ];
Pos( 128,:) = [ 1.36 0.02353 0.234958 ];
Pos( 129,:) = [ 1.46512 0.0742196 0.0659228 ];
Pos( 130,:) = [ 1.45318 0.0045346 0.25 ];
Pos( 131,:) = [ 1.36 0.0283827 0.182063 ];
Pos( 132,:) = [ 1.36 0.0210827 0.242471 ];
Pos( 133,:) = [ 1.36 0.0406219 0.132405 ];
Pos( 134,:) = [ 1.47604 0.0430178 0.0782354 ];
Pos( 135,:) = [ 1.4479 0.00493483 0.25 ];
Pos( 136,:) = [ 1.48745 0.02429 0.0896801 ];
Pos( 137,:) = [ 1.36 0.0234185 0.212444 ];
Pos( 138,:) = [ 1.36 0.0292109 0.18935 ];
Pos( 139,:) = [ 1.43438 0.00595128 0.25 ];
Pos( 140,:) = [ 1.49101 0.024641 0.0920454 ];
Pos( 141,:) = [ 1.36 0.0234417 0.215119 ];
Pos( 142,:) = [ 1.46711 0.0707276 0.0668251 ];
Pos( 143,:) = [ 1.47519 0.0470275 0.0754062 ];
Pos( 144,:) = [ 1.36 0.0235654 0.204826 ];
Pos( 145,:) = [ 1.36 0.0205293 0.24181 ];
Pos( 146,:) = [ 1.45328 0.00513376 0.25 ];
Pos( 147,:) = [ 1.36 0.0223424 0.232815 ];
Pos( 148,:) = [ 1.39625 0.0125372 0.25 ];
Pos( 149,:) = [ 1.38648 0.0146095 0.25 ];
Pos( 150,:) = [ 1.36 0.0287871 0.186173 ];
Pos( 151,:) = [ 1.44601 0.00492934 0.25 ];
Pos( 152,:) = [ 1.36 0.0217572 0.233331 ];
Pos( 153,:) = [ 1.45595 0.00411177 0.25 ];
Pos( 154,:) = [ 1.4543 0.0041969 0.25 ];
Pos( 155,:) = [ 1.50008 0.0408388 0.109688 ];
Pos( 156,:) = [ 1.478 0.0450764 0.0769175 ];
Pos( 157,:) = [ 1.45572 0.00442026 0.25 ];
Pos( 158,:) = [ 1.43461 0.0069401 0.25 ];
Pos( 159,:) = [ 1.49345 0.0157149 0.0982974 ];
Pos( 160,:) = [ 1.36 0.0335317 0.152092 ];
Pos( 161,:) = [ 1.45156 0.00511399 0.25 ];
Pos( 162,:) = [ 1.45955 0.00349396 0.25 ];
Pos( 163,:) = [ 1.43764 0.00551489 0.25 ];
Pos( 164,:) = [ 1.49933 0.00474942 0.101258 ];
Pos( 165,:) = [ 1.36 0.0340643 0.142565 ];
Pos( 166,:) = [ 1.4136 0.0111413 0.25 ];
Pos( 167,:) = [ 1.45494 0.00390845 0.25 ];
Pos( 168,:) = [ 1.44184 0.00663403 0.25 ];
Pos( 169,:) = [ 1.36 0.0194595 0.247887 ];
Pos( 170,:) = [ 1.40859 0.0124995 0.25 ];
Pos( 171,:) = [ 1.38183 0.0153772 0.25 ];
Pos( 172,:) = [ 1.44937 0.00479516 0.25 ];
Pos( 173,:) = [ 1.47666 0.0397009 0.0753794 ];
Pos( 174,:) = [ 1.36 0.0228558 0.213199 ];
Pos( 175,:) = [ 1.4545 0.00369859 0.25 ];
Pos( 176,:) = [ 1.45164 0.00540096 0.25 ];
Pos( 177,:) = [ 1.46655 0.0648567 0.0647073 ];
Pos( 178,:) = [ 1.36 0.0367345 0.152625 ];
Pos( 179,:) = [ 1.39116 0.0129328 0.25 ];
Pos( 180,:) = [ 1.43272 0.00695478 0.25 ];
Pos( 181,:) = [ 1.46691 0.0711933 0.068467 ];
Pos( 182,:) = [ 1.47343 0.0424465 0.0719588 ];
Pos( 183,:) = [ 1.47556 0.0518231 0.0776774 ];
Pos( 184,:) = [ 1.4881 0.0253801 0.0932329 ];
Pos( 185,:) = [ 1.45404 0.00343728 0.25 ];
