Pos( 1,:) = [ 1.45729 0.02133 -1.25 ];
Pos( 2,:) = [ 1.4475 0.0374473 -1.21798 ];
Pos( 3,:) = [ 1.46468 0.0283206 -1.23657 ];
Pos( 4,:) = [ 1.46326 0.0276791 -1.22993 ];
Pos( 5,:) = [ 1.46379 0.0257621 -1.25 ];
Pos( 6,:) = [ 1.45248 0.0214293 -1.25 ];
Pos( 7,:) = [ 1.46856 -0.0291239 -1.23515 ];
Pos( 8,:) = [ 1.46865 0.00448067 -1.24216 ];
Pos( 9,:) = [ 1.4549 0.0304804 -1.24612 ];
Pos( 10,:) = [ 1.45398 0.0286089 -1.25 ];
Pos( 11,:) = [ 1.45221 0.0179939 -1.25 ];
Pos( 12,:) = [ 1.45092 -0.0178539 -1.22983 ];
Pos( 13,:) = [ 1.45267 0.0131309 -1.25 ];
Pos( 14,:) = [ 1.46398 0.0150704 -1.25 ];
Pos( 15,:) = [ 1.45721 -0.00571758 -1.25 ];
Pos( 16,:) = [ 1.44948 0.0228668 -1.22001 ];
Pos( 17,:) = [ 1.46657 0.0214617 -1.25 ];
Pos( 18,:) = [ 1.44887 0.0167444 -1.24895 ];
Pos( 19,:) = [ 1.48274 -0.00200547 -1.24525 ];
Pos( 20,:) = [ 1.46794 0.0229983 -1.25 ];
Pos( 21,:) = [ 1.45946 -0.00714646 -1.25 ];
Pos( 22,:) = [ 1.45993 0.030016 -1.24476 ];
Pos( 23,:) = [ 1.4475 0.00644514 -1.2464 ];
Pos( 24,:) = [ 1.46561 0.0181334 -1.25 ];
Pos( 25,:) = [ 1.45772 -0.0153207 -1.23256 ];
Pos( 26,:) = [ 1.4475 0.00528373 -1.24827 ];
Pos( 27,:) = [ 1.4475 -0.0252086 -1.24211 ];
Pos( 28,:) = [ 1.45969 0.0106488 -1.25 ];
Pos( 29,:) = [ 1.45118 0.0184483 -1.25 ];
Pos( 30,:) = [ 1.45399 0.0117182 -1.25 ];
Pos( 31,:) = [ 1.45664 -0.00917832 -1.25 ];
Pos( 32,:) = [ 1.46831 0.0340974 -1.24226 ];
Pos( 33,:) = [ 1.46515 -0.0289817 -1.24205 ];
Pos( 34,:) = [ 1.45436 0.0140433 -1.25 ];
Pos( 35,:) = [ 1.45262 0.0186687 -1.25 ];
Pos( 36,:) = [ 1.4475 0.0269206 -1.24427 ];
Pos( 37,:) = [ 1.45058 0.0209141 -1.25 ];
Pos( 38,:) = [ 1.47212 0.00872357 -1.2425 ];
Pos( 39,:) = [ 1.48881 0.0203952 -1.24488 ];
Pos( 40,:) = [ 1.4603 0.0139059 -1.24575 ];
Pos( 41,:) = [ 1.46031 -0.0270057 -1.25 ];
Pos( 42,:) = [ 1.47389 0.0368027 -1.24315 ];
Pos( 43,:) = [ 1.44935 0.00558258 -1.24888 ];
Pos( 44,:) = [ 1.4486 -0.0359033 -1.25 ];
Pos( 45,:) = [ 1.44971 0.0347904 -1.25 ];
Pos( 46,:) = [ 1.45634 -0.0234523 -1.25 ];
Pos( 47,:) = [ 1.4475 0.0290739 -1.24563 ];
Pos( 48,:) = [ 1.44799 -0.0320753 -1.25 ];
Pos( 49,:) = [ 1.4559 -0.0212813 -1.25 ];
Pos( 50,:) = [ 1.47057 -0.0362565 -1.24472 ];
Pos( 51,:) = [ 1.4475 0.00348123 -1.17934 ];
Pos( 52,:) = [ 1.45537 0.0116203 -1.24759 ];
Pos( 53,:) = [ 1.48838 -0.0182634 -1.24617 ];
Pos( 54,:) = [ 1.45977 -0.0230811 -1.25 ];
Pos( 55,:) = [ 1.4475 -0.0349511 -1.2355 ];
Pos( 56,:) = [ 1.45869 -0.0277452 -1.25 ];
Pos( 57,:) = [ 1.46001 0.0191702 -1.24007 ];
Pos( 58,:) = [ 1.45307 0.0303945 -1.24842 ];
Pos( 59,:) = [ 1.45117 -0.0140878 -1.25 ];
Pos( 60,:) = [ 1.49965 0.0320298 -1.23814 ];
Pos( 61,:) = [ 1.47454 -0.0249693 -1.25 ];
Pos( 62,:) = [ 1.45442 0.0269493 -1.25 ];
Pos( 63,:) = [ 1.48145 -0.0158088 -1.25 ];
Pos( 64,:) = [ 1.44967 0.0193686 -1.25 ];
Pos( 65,:) = [ 1.46726 0.00403878 -1.17842 ];
Pos( 66,:) = [ 1.48091 0.0249872 -1.24297 ];
Pos( 67,:) = [ 1.46468 -0.0163814 -1.24189 ];
Pos( 68,:) = [ 1.46182 -0.0321619 -1.25 ];
Pos( 69,:) = [ 1.45366 0.0306239 -1.25 ];
Pos( 70,:) = [ 1.46924 -0.0150616 -1.25 ];
Pos( 71,:) = [ 1.49815 -0.0134733 -1.24209 ];
Pos( 72,:) = [ 1.46744 0.0284244 -1.24083 ];
Pos( 73,:) = [ 1.46456 -0.0182296 -1.25 ];
Pos( 74,:) = [ 1.45928 0.0273521 -1.25 ];
Pos( 75,:) = [ 1.46543 -0.0240454 -1.25 ];
Pos( 76,:) = [ 1.45102 -0.0202338 -1.25 ];
Pos( 77,:) = [ 1.46422 -0.00714234 -1.2324 ];
Pos( 78,:) = [ 1.4475 0.0266713 -1.2442 ];
Pos( 79,:) = [ 1.46278 -0.010718 -1.24171 ];
Pos( 80,:) = [ 1.46395 0.0361778 -1.24439 ];
Pos( 81,:) = [ 1.45782 0.0134953 -1.25 ];
Pos( 82,:) = [ 1.45464 -0.0308087 -1.25 ];
Pos( 83,:) = [ 1.46145 -0.0204366 -1.25 ];
Pos( 84,:) = [ 1.47033 0.0300339 -1.24608 ];
Pos( 85,:) = [ 1.46257 0.0311544 -1.24429 ];
Pos( 86,:) = [ 1.4898 -0.0152587 -1.25 ];
Pos( 87,:) = [ 1.46339 -0.0114469 -1.25 ];
Pos( 88,:) = [ 1.45235 -0.0317235 -1.24181 ];
Pos( 89,:) = [ 1.44996 0.0280622 -1.25 ];
Pos( 90,:) = [ 1.45854 -0.0131021 -1.25 ];
Pos( 91,:) = [ 1.46406 -0.0146414 -1.25 ];
Pos( 92,:) = [ 1.46249 0.0192309 -1.24233 ];
Pos( 93,:) = [ 1.45845 0.0282855 -1.24078 ];
Pos( 94,:) = [ 1.45727 -0.0155221 -1.25 ];
Pos( 95,:) = [ 1.46088 -0.0162954 -1.25 ];
Pos( 96,:) = [ 1.44873 0.027969 -1.1951 ];
Pos( 97,:) = [ 1.46522 -0.0169664 -1.25 ];
Pos( 98,:) = [ 1.46578 -0.015946 -1.25 ];
Pos( 99,:) = [ 1.45379 0.0351448 -1.25 ];
Pos( 100,:) = [ 1.4668 -0.0146472 -1.25 ];
